%Subfold 0
1 18414.354138
2 4125.31307588
3 769.814561113
4 5.60810679257
5 5.61252489239
6 5.62667055206
7 5.61216871157
8 5.59735751769
9 5.59702960069
10 5.61910735433

%Subfold 1
1 23104.7601467
2 4592.02222524
3 891.084220369
4 6.28847416579
5 6.31690839656
6 6.3083990583
7 6.29264341347
8 6.29147621218
9 6.28770376768
10 6.29218135435

%Subfold 2
1 16725.9628582
2 4036.81094861
3 816.776627465
4 4.24708518961
5 4.31076540171
6 4.30680734289
7 4.37666318769
8 4.46081144669
9 4.47173818726
10 4.47912946062

%Subfold 3
1 21665.7259115
2 4997.05540228
3 862.30667675
4 4.31004251935
5 4.30899880789
6 4.33864079336
7 4.34797073646
8 4.3417291326
9 4.34919213457
10 4.32347024969

%Subfold 4
1 14653.6184765
2 4097.50727255
3 837.318888343
4 5.99338778566
5 6.0118826828
6 5.99640183968
7 5.98322503635
8 5.9742607932
9 5.98373774851
10 5.96612079606

Overall Averages: 
Degree 1: 18912.88430618
Degree 2: 4369.741784912
Degree 3: 835.4601948080001
Degree 4: 5.289419290596
Degree 5: 5.31221603627
Degree 6: 5.315383917258
Degree 7: 5.322534217107999
Degree 8: 5.333127020472
Degree 9: 5.337880287742
Degree 10: 5.336001843010001

Min of Overall Averages: 5.289419290596
